-60 -88 -16
-8 -81 50
78 -49 92
-12 -48 -18
-60 -88 -16
-8 -81 50
78 -49 92
-12 -48 -18
-12 -48 -18
-12 -48 -18
78 -8 92
-49 -81 50
-60 -88 -16
-8 -81 50
78 -49 92
-12 -48 -18
-60 -88 -16
-8 -81 50
78 -49 92
-12 -48 -18
-12 -81 50
-8 -48 -18
78 -49 92
-60 -88 -16
-60 -88 -16
-8 -81 50
78 -49 92
-12 -48 -18
-60 -88 -16
-8 -81 50
78 -49 92
-12 -48 -18
-49 -81 50
78 -8 92
-8 -81 -16
-60 -88 50
-60 -88 -16
-8 -81 50
78 -49 92
-12 -48 -18
-60 -88 -16
-8 -81 50
78 -49 92
-12 -48 -18
-12 -48 -18
-12 -48 -18
-12 -88 -18
-48 -60 -16
-60 -88 -16
-8 -81 50
78 -49 92
-12 -48 -18
-60 -88 -16
-8 -81 50
78 -49 92
-12 -48 -18
-12 -48 -16
-60 -88 -18
-12 -48 -18
-12 -48 -18
-60 -88 -16
-8 -81 50
78 -49 92
-12 -48 -18
-60 -88 -16
-8 -81 50
78 -49 92
-12 -48 -18
78 -49 -18
-12 -48 92
-12 -48 50
-8 -81 -18
-60 -88 -16
-8 -81 50
78 -49 92
-12 -48 -18
-60 -88 -16
-8 -81 50
78 -49 92
-12 -48 -18
-8 -81 -16
-60 -88 50
-8 -81 50
-60 -88 -16
-60 -88 -16
-8 -81 50
78 -49 92
-12 -48 -18
-60 -88 -16
-8 -81 50
78 -49 92
-12 -48 -18
-8 -81 50
-8 -81 50
-12 -48 -16
-60 -88 -18
-60 -88 -16
-8 -81 50
78 -49 92
-12 -48 -18
-60 -88 -16
-8 -81 50
78 -49 92
-12 -48 -18
78 -12 -18
-48 -49 92
-60 -88 -16
-60 -88 -16
-60 -88 -16
-8 -81 50
78 -49 92
-12 -48 -18
-60 -88 -16
-8 -81 50
78 -49 92
-12 -48 -18
-12 -48 92
78 -49 -18
-8 -81 50
-60 -88 -16
-60 -88 -16
