26 13 4 -2
20 11 7 20
13 11 7 13
29 25 -5 22
26 13 4 -2
20 11 7 20
13 11 7 13
29 25 -5 22
13 11 7 13
29 25 -5 22
13 11 -5 13
29 25 7 22
26 13 4 -2
20 11 7 20
13 11 7 13
29 25 -5 22
26 13 4 -2
20 11 7 20
13 11 7 13
29 25 -5 22
25 4 -5 22
29 26 13 -2
13 11 7 13
13 11 7 13
26 13 4 -2
20 11 7 20
13 11 7 13
29 25 -5 22
26 13 4 -2
20 11 7 20
13 11 7 13
29 25 -5 22
29 25 7 22
20 11 -5 20
20 11 -5 20
29 25 7 22
26 13 4 -2
20 11 7 20
13 11 7 13
29 25 -5 22
26 13 4 -2
20 11 7 20
13 11 7 13
29 25 -5 22
20 11 7 20
20 11 7 20
20 11 7 20
13 11 7 13
26 13 4 -2
20 11 7 20
13 11 7 13
29 25 -5 22
26 13 4 -2
20 11 7 20
13 11 7 13
29 25 -5 22
26 25 4 -2
29 13 -5 22
13 11 7 -2
26 20 4 20
26 13 4 -2
20 11 7 20
13 11 7 13
29 25 -5 22
26 13 4 -2
20 11 7 20
13 11 7 13
29 25 -5 22
26 13 11 -2
13 7 4 13
29 13 -5 -2
26 25 4 22
26 13 4 -2
20 11 7 20
13 11 7 13
29 25 -5 22
26 13 4 -2
20 11 7 20
13 11 7 13
29 25 -5 22
13 11 7 13
13 11 7 13
13 7 4 13
26 13 11 -2
26 13 4 -2
20 11 7 20
13 11 7 13
29 25 -5 22
26 13 4 -2
20 11 7 20
13 11 7 13
29 25 -5 22
13 11 7 13
26 13 4 -2
29 13 7 13
25 11 -5 22
26 13 4 -2
20 11 7 20
13 11 7 13
29 25 -5 22
26 13 4 -2
20 11 7 20
13 11 7 13
29 25 -5 22
26 13 4 -2
20 11 7 20
26 13 4 -2
29 25 -5 22
26 13 4 -2
20 11 7 20
13 11 7 13
29 25 -5 22
26 13 4 -2
20 11 7 20
13 11 7 13
29 25 -5 22
26 13 4 -2
26 13 4 -2
13 7 4 13
26 13 11 -2
26 13 4 -2
