96322111
97664114
99862103
99866542
96322111
97664114
99862103
99866542
99866542
99866542
99665423
99886102
96322111
97664114
99862103
99866542
96322111
97664114
99862103
99866542
99622111
98632103
99866312
96542211
96322111
97664114
99862103
99866542
96322111
97664114
99862103
99866542
99663211
98654212
98643211
99665212
96322111
97664114
99862103
99866542
96322111
97664114
99862103
99866542
99866512
96432211
96322111
96322111
96322111
97664114
99862103
99866542
96322111
97664114
99862103
99866542
99866542
99866542
98666542
99764114
96322111
97664114
99862103
99866542
96322111
97664114
99862103
99866542
99665203
99886412
96322111
96322111
96322111
97664114
99862103
99866542
96322111
97664114
99862103
99866542
99862103
99862103
99988102
96665423
96322111
97664114
99862103
99866542
96322111
97664114
99862103
99866542
97632211
96641114
99986211
63221103
96322111
97664114
99862103
99866542
96322111
97664114
99862103
99866542
99665412
98766414
99865412
96632211
96322111
97664114
99862103
99866542
96322111
97664114
99862103
99866542
99862103
96322111
99865412
96632211
96322111
