77 76 58 19 81
64 49 27 15 68
92 82 66 14 71
90 86 72 47 95
77 76 58 19 81
64 49 27 15 68
92 82 66 14 71
90 86 72 47 95
90 86 47 14 95
92 82 72 66 71
92 82 72 66 95
90 86 47 14 71
77 76 58 19 81
64 49 27 15 68
92 82 66 14 71
90 86 72 47 95
77 76 58 19 81
64 49 27 15 68
92 82 66 14 71
90 86 72 47 95
82 66 19 14 71
92 77 76 58 81
76 64 49 15 68
77 58 27 19 81
77 76 58 19 81
64 49 27 15 68
92 82 66 14 71
90 86 72 47 95
77 76 58 19 81
64 49 27 15 68
92 82 66 14 71
90 86 72 47 95
92 82 72 66 95
90 86 47 14 71
92 82 77 76 81
66 58 19 14 71
77 76 58 19 81
64 49 27 15 68
92 82 66 14 71
90 86 72 47 95
77 76 58 19 81
64 49 27 15 68
92 82 66 14 71
90 86 72 47 95
77 76 58 19 81
77 76 58 19 81
77 76 49 15 68
64 58 27 19 81
77 76 58 19 81
64 49 27 15 68
92 82 66 14 71
90 86 72 47 95
77 76 58 19 81
64 49 27 15 68
92 82 66 14 71
90 86 72 47 95
64 49 27 15 68
90 86 72 47 95
90 86 72 47 95
77 76 58 19 81
77 76 58 19 81
64 49 27 15 68
92 82 66 14 71
90 86 72 47 95
77 76 58 19 81
64 49 27 15 68
92 82 66 14 71
90 86 72 47 95
86 72 47 19 95
90 77 76 58 81
77 76 58 19 81
77 76 58 19 81
92 82 72 66 71
